-1000 0 -1000
H 1 -1000 -1 -980
H 1 -1000 0 -1014
-950 0 -1010
H 1 -950 0 -990
H 1 -960 0 -1039
-910 0 -1030
H 1 -881 0 -1018
H 1 -927 0 -1053
-880 0 -1060
H 1 -908 0 -1076
H 1 -834 0 -1059
-860 0 -1100
H 1 -891 0 -1116
H 1 -821 0 -1094
-850 0 -1150
H 1 -814 0 -1133
H 1 -814 0 -1157
H 1 -814 0 -1186
-850 0 -1200
H 1 -884 0 -1200
-850 0 -1250
H 1 -825 0 -1250
H 1 -870 0 -1236
-860 0 -1290
H 1 -875 0 -1290
H 1 -847 0 -1314
-880 0 -1320
H 1 -870 0 -1334
H 1 -890 0 -1303
-910 0 -1340
H 1 -910 0 -1367
H 1 -919 0 -1319
-950 0 -1350
H 1 -1000 0 -1324
H 1 -1000 0 -1373
-1000 0 -1350
H 1 -950 0 -1311
H 1 -950 0 -1370
-1050 0 -1350
H 1 -1079 0 -1327
H 1 -1093 0 -1369
-1090 0 -1340
H 1 -1133 0 -1348
H 1 -1103 0 -1301
-1120 0 -1320
H 1 -1145 0 -1328
-1140 0 -1290
H 1 -1159 0 -1298
H 1 -1117 0 -1286
-1150 0 -1250
H 1 -1176 0 -1250
H 1 -1124 0 -1250
-1150 0 -1200
H 1 -1181 0 -1200
H 1 -1114 0 -1200
-1150 0 -1150
H 1 -1179 0 -1150
H 1 -1124 0 -1150
-1140 0 -1100
H 1 -1173 0 -1100
H 1 -1110 0 -1123
-1120 0 -1060
H 1 -1139 0 -1039
H 1 -1094 0 -1075
-1090 0 -1030
H 1 -1101 0 -995
H 1 -1071 0 -1048
-1050 0 -1010